7876792
8000922
8277817
8361673
8362673
8363081
8366907
8367503
8367861
8368028
8369482
8370605
8370910
8373441
8374418
8374596
8378715
8381702
8383898
8384892
8385349
8386378
8388354
8390318
8394667
8395546
8398794
8403320
8403849
8404307
8404417
8410611
8411547
8411600
8413185
8417217
8417516
8419285
8419481
8421112
8422754
8423649
8423876
8426071
8426272
8426911
8430555
8430791
8431231
8432030
8432522
8433386
8435230
8435322
8436923
8437008
8441473
8443192
8443552
8444002
8444553
8445608
8446523
8447006
8447569
8447992
8449478
8450925
8453159
8458555
8466116
8471367
8476284
8476403
8476612
8478126
8479073
8479300
8480183
8483426
8483449
8484491
8486593
8486803
8487019
8488118
8488572
8492515
8493420
8493844
8493898
8494771
8495441
8496112
8497036
8500586
8501408
8501961
8503391
8504400
